0 -13.741 4.1242 1.3 0 0
1.9488 -6.5202 0.23291 1.84 0 0.5

(left to right) (back to forward) (down to up) (down to up) (tilt clockwise) (turn left) 

10  -15 5  1.3 0 0.6
18  0   5  1.3 0 1.57
10  15  5  1.3 0 2.6
0   18  5  1.3 0 3.1415
-10 15  5  1.3 0 -2.6
-18 0   5  1.3 0 -1.57
-10 -15 5  1.3 0 -0.6
0   -18 5  1.3 0 0
0   0   18 0   0 0

45 = 0.785
90 = 1.57
135 = 2.356
180 = 3.142
225 = 3.927
270 = 4.625
315 = 5.498

updated for accurate angles

0   0   15 0   0 0
15 -15  5  1.285 0 0.785
15 0  5  1.285 0 1.57
15 15  5  1.285 0 2.356
0 15  5  1.285 0 3.142
-15 15  5  1.285 0  3.927
-15 0  5  1.285 0 4.625
-15 -15  5  1.285 0 5.498
0 -15  5  1.285 0 0